1.52437 7.09703 -5.39167 
1.46572 7.29803 -5.43683 
1.46572 7.29803 -5.43683 
1.46572 7.29803 -5.43683 
1.46572 7.29803 -5.43683 
1.78234 7.21646 -5.57616 
1.78234 7.21646 -5.57616 
1.7997 7.30946 -5.59115 
1.7997 7.30946 -5.59115 
1.81707 7.40247 -5.60614 
1.81707 7.40247 -5.60614 
1.818 7.3865 -5.62761 
1.818 7.3865 -5.62761 
1.59166 7.45743 -5.44976 
1.59166 7.45743 -5.44976 
1.59166 7.45743 -5.44976 
1.59166 7.45743 -5.44976 
1.715 7.37096 -5.61383 
1.715 7.37096 -5.61383 
1.76519 7.21152 -5.62665 
1.76519 7.21152 -5.62665 
1.84668 7.11034 -5.54789 
1.84668 7.11034 -5.54789 
1.84668 7.11034 -5.54789 
1.84668 7.11034 -5.54789 
1.78234 7.21646 -5.57616 
1.78234 7.21646 -5.57616 
1.75629 7.07695 -5.55368 
1.75629 7.07695 -5.55368 
1.67901 7.01071 -5.74814 
1.67901 7.01071 -5.74814 
1.68335 7.03396 -5.75188 
1.68335 7.03396 -5.75188 
1.68335 7.03396 -5.75188 
1.68335 7.03396 -5.75188 
1.75935 6.77932 -5.8664 
1.75935 6.77932 -5.8664 
1.73766 6.80971 -5.70298 
1.73766 6.80971 -5.70298 
1.71929 6.92383 -5.62838 
1.71929 6.92383 -5.62838 
1.77982 6.86799 -5.90474 
1.77982 6.86799 -5.90474 
1.73024 6.93745 -5.53119 
1.73024 6.93745 -5.53119 
1.73024 6.93745 -5.53119 
1.73024 6.93745 -5.53119 
1.65914 6.68543 -5.49377 
1.65914 6.68543 -5.49377 
1.43013 6.75975 -5.14494 
1.43013 6.75975 -5.14494 
1.43013 6.75975 -5.14494 
1.43013 6.75975 -5.14494 
1.43013 6.75975 -5.14494 
1.57465 6.77411 -4.73539 
1.57465 6.77411 -4.73539 
1.57899 6.79736 -4.73914 
1.57899 6.79736 -4.73914 
1.61063 6.98771 -4.74578 
1.61063 6.98771 -4.74578 
1.61063 6.98771 -4.74578 
1.61063 6.98771 -4.74578 
1.59888 7.23883 -4.42556 
1.59888 7.23883 -4.42556 
1.55716 7.3567 -4.35475 
1.55716 7.3567 -4.35475 
1.60105 7.25046 -4.42743 
1.60105 7.25046 -4.42743 
1.57452 7.4497 -4.36974 
1.57452 7.4497 -4.36974 
1.57452 7.4497 -4.36974 
1.57452 7.4497 -4.36974 
1.35172 7.69242 -4.34619 
1.35172 7.69242 -4.34619 
1.35172 7.69242 -4.34619 
1.35172 7.69242 -4.34619 
1.46618 7.70657 -4.43189 
1.46618 7.70657 -4.43189 
1.59484 8.06732 -4.18711 
1.59484 8.06732 -4.18711 
1.59484 8.06732 -4.18711 
1.59484 8.06732 -4.18711 
1.62831 8.07909 -4.38138 
1.62831 8.07909 -4.38138 
1.6531 8.04436 -4.56815 
1.6531 8.04436 -4.56815 
1.87622 7.94896 -4.90156 
1.87622 7.94896 -4.90156 
1.56848 8.00324 -4.76825 
1.56848 8.00324 -4.76825 
1.56848 8.00324 -4.76825 
1.56848 8.00324 -4.76825 
1.7293 7.76159 -5.3161 
1.82701 7.62321 -5.44935 
1.82701 7.62321 -5.44935 
1.82701 7.62321 -5.44935 
1.82701 7.62321 -5.44935 
1.81707 7.40247 -5.60614 
1.81707 7.40247 -5.60614 
1.97653 7.05875 -5.71758 
1.97653 7.05875 -5.71758 
2.07734 6.91602 -5.87418 
2.07734 6.91602 -5.87418 
2.11409 6.68779 -6.02338 
2.11409 6.68779 -6.02338 
2.11409 6.68779 -6.02338 
2.11409 6.68779 -6.02338 
2.12533 6.50978 -5.89053 
2.12533 6.50978 -5.89053 
2.28659 6.47192 -5.86209 
2.28659 6.47192 -5.86209 
2.14825 6.32989 -5.75578 
2.14825 6.32989 -5.75578 
2.13585 6.34726 -5.66239 
2.13585 6.34726 -5.66239 
2.13585 6.34726 -5.66239 
2.13585 6.34726 -5.66239 
2.21684 6.34963 -5.55383 
2.21684 6.34963 -5.55383 
2.01696 6.41247 -5.39552 
2.01696 6.41247 -5.39552 
2.19206 6.38436 -5.36706 
2.19206 6.38436 -5.36706 
2.19206 6.38436 -5.36706 
2.19206 6.38436 -5.36706 
2.02827 6.85148 -5.10718 
2.02827 6.85148 -5.10718 
2.1285 7.06157 -4.91186 
2.1285 7.06157 -4.91186 
2.10288 7.0982 -5.02033 
2.10288 7.0982 -5.02033 
2.18927 7.38708 -4.96432 
2.18927 7.38708 -4.96432 
2.12648 7.47581 -4.79264 
2.12648 7.47581 -4.79264 
2.12648 7.47581 -4.79264 
2.12648 7.47581 -4.79264 
2.0958 7.50468 -4.80208 
2.0958 7.50468 -4.80208 
2.12028 7.48449 -4.74595 
2.12028 7.48449 -4.74595 
1.91337 7.55791 -4.83619 
1.91337 7.55791 -4.83619 
1.91337 7.55791 -4.83619 
1.91337 7.55791 -4.83619 
1.92515 7.60007 -4.86703 
1.92515 7.60007 -4.86703 
2.0461 7.42913 -5.17538 
2.0461 7.42913 -5.17538 
2.12936 7.41384 -5.17377 
2.12936 7.41384 -5.17377 
2.13851 7.0635 -5.50045 
2.13851 7.0635 -5.50045 
2.14594 6.93576 -5.67223 
2.14594 6.93576 -5.67223 
2.14594 6.93576 -5.67223 
2.09261 6.7758 -5.50217 
2.09261 6.7758 -5.50217 
2.09261 6.7758 -5.50217 
2.10623 6.63939 -5.72065 
2.10623 6.63939 -5.72065 
2.23507 6.79491 -5.83073 
2.23507 6.79491 -5.83073 
2.33588 6.65219 -5.98733 
2.33588 6.65219 -5.98733 
2.33588 6.65219 -5.98733 
2.33588 6.65219 -5.98733 
2.36067 6.61746 -6.1741 
2.36067 6.61746 -6.1741 
2.18483 6.48397 -5.8287 
2.18483 6.48397 -5.8287 
2.26642 6.28017 -5.92737 
2.26642 6.28017 -5.92737 
2.4284 6.28492 -5.71024 
2.4284 6.28492 -5.71024 
2.4284 6.28492 -5.71024 
2.4284 6.28492 -5.71024 
2.23298 6.56169 -5.44373 
2.23298 6.56169 -5.44373 
2.202 6.6051 -5.21026 
2.202 6.6051 -5.21026 
2.19829 6.66897 -5.12437 
2.19829 6.66897 -5.12437 
2.22559 6.98271 -4.98257 
2.22559 6.98271 -4.98257 
2.22559 6.98271 -4.98257 
2.22559 6.98271 -4.98257 
2.25906 6.99448 -5.17684 
2.25906 6.99448 -5.17684 
2.04606 7.09018 -4.82986 
2.04606 7.09018 -4.82986 
2.15328 7.02684 -5.09863 
2.15328 7.02684 -5.09863 
2.11279 7.02565 -5.15292 
2.11279 7.02565 -5.15292 
2.11279 7.02565 -5.15292 
2.11279 7.02565 -5.15292 
2.10061 7.13109 -5.12501 
2.10061 7.13109 -5.12501 
2.18241 7.01536 -5.28915 
0.196713 0.19076 0.187155 
